       0.0000000       0.0000000
      0.16250000       671.88854
      0.32500000       1293.5444
      0.50000000       1905.9617
      0.66250000       2423.4953
      0.82500000       2895.1511
       1.0000000       3356.4098
       1.1625000       3745.8595
       1.3250000       4102.0413
       1.5000000       4452.6816
       1.6625000       4751.2323
       1.8250000       5026.7463
       2.0000000       5300.6178
       2.1625000       5536.0848
       2.3250000       5755.3814
       2.5000000       5975.3743
       2.6625000       6166.1791
       2.8250000       6345.3033
       3.0000000       6526.4055
       3.1625000       6684.6412
       3.3250000       6834.1841
       3.5000000       6986.3651
       3.6625000       7120.1481
       3.8250000       7247.2841
       4.0000000       7377.3647
       4.1625000       7492.3040
       4.3250000       7602.0391
       4.5000000       7714.8258
       4.6625000       7814.9120
